-7.527592869158250544e-01
2.704285838459496993e+00
1.391963650868430769e+00
5.919509051822196000e-01
-2.063888157345380669e+00
-2.064032877982784342e+00
-2.651498326990803456e+00
2.197056874649611302e+00
6.066900704592530502e-01
1.248435466776273373e+00
-2.876493034225185319e+00
2.819459112971966164e+00
1.994655844802529998e+00
-1.725965335930343070e+00
-1.909050196757396289e+00
-1.899572940879397098e+00
-1.174546542242773661e+00
1.485385897934268229e-01
-4.083298881473051978e-01
-1.252625158811748518e+00
6.711173683342765983e-01
-2.163036836087749215e+00
-1.247132108788691074e+00
-8.018289402378497854e-01
-2.635800946977844283e-01
1.711055768358081153e+00
-1.801957307049841583e+00
8.540663048166940996e-02
5.544874131722545840e-01
-2.721297523680013875e+00
6.452691114086301916e-01
-1.976855257876250826e+00
-2.609690442088322904e+00
2.693313223519999688e+00
NaN
1.850384088698766583e+00
-1.172317384959775888e+00
-2.413967315961696780e+00
1.105398159072941588e+00
-3.590850375623921842e-01
-2.267770590931327046e+00
-2.893853933237888754e-02
-2.793668873308689626e+00
2.455922412472692606e+00
-1.447320110399898496e+00
9.751337061238918302e-01
-1.129733543463534273e+00
1.204081270668648784e-01
2.802616760596778889e-01
-1.890873266846837764e+00
2.817507766587350915e+00
1.650796940166687321e+00
2.636993649385134475e+00
2.368964102565892738e+00
5.873998728665110747e-01
2.531245410138700969e+00
-2.469044987688483239e+00
-1.824102825485128809e+00
-2.728636266536771604e+00
-1.048018015420413951e+00
-6.679362618631081716e-01
-1.371905809356624539e+00
1.972425054911576048e+00
-8.594800398384645490e-01
-1.314392941875715426e+00
2.561764989494905720e-01
-2.154454650151424122e+00
1.813181884524238008e+00
-2.552696137921374842e+00
2.921321619603103770e+00
1.633468615779944955e+00
-1.807705910794965565e+00
-2.966867297258385605e+00
1.892768570729004729e+00
1.241144063085702243e+00
9.9999e+05
1.627622080115674663e+00
-2.555732089595458056e+00
-8.492056287343645593e-01
-2.304785642849221716e+00
2.178620555253560909e+00
7.397887609653475138e-01
-1.014611850884104882e+00
-2.618649898283858413e+00
-1.134106069706026787e+00
-1.048900067839517725e+00
1.377637070028384869e+00
8.253448281312785184e-01
9.9999e+05
-1.667104490283044527e-01
-2.282434524370189788e+00
1.279468723337970459e+00
1.564710291701384648e+00
3.676631854169771785e-01
1.625803079727365485e+00
-3.722642181365554137e-02
1.363969762919641227e-01
-4.347538898487020020e-01
-2.847485239535428647e+00
-2.352651438040173293e+00
