1.617611053341356797e+00
8.061859436039922500e+00
4.452505830073418380e+00
7.795849276543513895e-01
1.846257117832363015e+00
2.423195554225909820e+00
4.341617406768227383e+00
6.092316111598522710e+00
1.982232888362992274e+00
3.525973980544183206e+00
NaN
9.122885067491983691e+00
5.454221610637938866e+00
2.276780267599583851e+00
2.010263679460370767e+00
2.873260728514092754e+00
8.131801538271017371e-01
1.831908299524568573e+00
1.282928607497732632e+00
6.839478730021197883e-02
3.192436906438814948e+00
2.437382613228390227e+00
1.535650596239633625e+00
1.285048751088480046e+00
3.557863964122478517e-01
4.754266366808454158e+00
1.478853244638547393e+00
1.286776507525166924e+00
2.546929847189474572e+00
3.385483439328011990e+00
4.739641125688201839e+00
2.151700910252077215e+00
3.053102050398014633e+00
8.245835367747679001e+00
6.777658407200971347e+00
5.535830851104332595e+00
NaN
NaN
3.523989739332743287e+00
2.006933336871812745e+00
2.268909365909939968e+00
8.028021425774349851e-01
4.251446828053252247e+00
8.223632893202312388e+00
2.391079587627135794e+00
2.541189123738611055e+00
2.911209707085901321e+00
7.258061228064591752e-01
2.906392073393838427e+00
4.087283214601157511e+00
7.796146448846683619e+00
4.447064479395764991e+00
8.213512767921541169e+00
6.671483908072605828e+00
1.209255747122174984e+00
7.803410048118847975e+00
1.516742874200223135e+00
2.313165164121468109e+00
2.074667436759290773e+00
3.051087269919996903e+00
7.718798707564861195e-01
1.247095449310927417e+00
6.731172570902712593e+00
2.790086131679445636e-01
1.776881395554762877e+00
3.596132452538927993e+00
5.588995350668959361e-01
5.641630016239975731e+00
2.965315442606400342e+00
9.970204493960663328e+00
3.730627764270887603e+00
5.057378060822861343e-01
3.956225048129150768e+00
5.981039675131950339e+00
4.261856206098022071e+00
4.664488311997652126e+00
4.272174176377221855e+00
2.942404864459528646e+00
1.804441944501380402e+00
1.636881368866360376e+00
8.417588828284984004e+00
3.487265387302457054e+00
3.088032558904811875e-01
3.466567355241002346e+00
5.343105487386773378e-01
2.288280212059806917e+00
5.485174597393985607e+00
2.345259552441092854e+00
7.985459328944930490e+00
2.259966664815803217e+00
3.144379314642787637e+00
5.994781812991964998e+00
4.543481324176630309e+00
1.681515130014966664e+00
4.057906477127335876e+00
1.147656196461430245e+00
2.068597334448655012e+00
2.000903557337230687e+00
3.483291654480658917e+00
3.242016205452098454e+00
